Table with row headings in column A and column headings in rows 3 to 5.																																																						
Table H-8.  Median Household Income by State: 1984 to 2010 (Households as of March of the following year.  Income in current and 2010 CPI-U-RS adjusted dollars28/)																																																						
State	2010		2009 (36)		2008		2007		2006		2005		2004 (35)		2003		2002		2001		2000 (30)		1999 (29)		1998		1997		1996		1995 (25)		1994 (24)		1993 (23)		1992 (22)		1991		1990		1989		1988		1987 (21)		1986		1985 (20)		1984 (19)	
	Median income	Standard error	Median income	Standard error	Median income	Standard error	Median income	Standard error	Median income	Standard error	Median income	Standard error	Median income	Standard error	Median income	Standard error	   Median income	 Standard error	   Median income	 Standard error	   Median income	 Standard error	   Median income	 Standard error	   Median income	  Standard error 	   Median income	 Standard error	   Median income	 Standard error	   Median income	 Standard error	   Median income	 Standard error	   Median income	 Standard error	   Median income	 Standard error	   Median income	 Standard error	   Median income	 Standard error	   Median income	 Standard error	   Median income	 Standard error	   Median income	 Standard error	   Median income	 Standard error	   Median income	 Standard error	   Median income	 Standard error
																																																						
Current Dollars																																																						
     United States	49,445 	209 	49,777 	213 	50,303 	137 	50,233	140	48,201 	207 	46,326 	155 	44,334 	196 	43,318 	188 	42,409 	139 	42,228 	129 	41,990 	132 	40,696 	190 	38,885 	230 	37,005 	171 	35,492 	179 	34,076 	197 	32,264 	147 	31,241 	146 	30,636 	145 	30,126 	144 	29,943 	153 	28,906 	159 	27,225 	139 	26,061 	127 	24,897 	129 	23,618 	128 	22,415 	102 
Alabama	40,976 	800 	39,980 	904 	44,476 	1,659 	42,212	1,420	37,952 	1,014 	37,150 	1,215 	36,629 	1,303 	37,255 	1,580 	37,603 	1,062 	35,160 	1,006 	35,424 	1,072 	36,251 	1,189 	36,266 	1,307 	31,939 	1,607 	30,302 	1,258 	25,991 	1,266 	27,196 	1,559 	25,082 	1,088 	25,808 	1,058 	24,346 	1,068 	23,357 	1,037 	21,284 	1,070 	19,948 	912 	19,734 	1,147 	19,132 	885 	18,333 	760 	17,310 	605 
Alaska	58,198 	1,681 	61,604 	1,751 	63,989 	2,302 	62,993	1,583	56,418 	1,495 	55,891 	1,331 	55,063 	2,071 	51,837 	981 	52,774 	1,073 	57,363 	2,012 	52,847 	1,159 	51,396 	2,226 	50,692 	2,124 	47,994 	1,258 	52,779 	1,907 	47,954 	2,008 	45,367 	1,494 	42,931 	1,643 	41,802 	1,156 	40,612 	1,822 	39,298 	1,627 	36,006 	1,378 	33,103 	1,183 	33,233 	1,497 	31,356 	1,017 	34,782 	1,089 	32,356 	1,473 
Arizona	47,279 	1,347 	45,739 	1,241 	46,914 	1,125 	47,215	1,555	46,657 	1,246 	45,245 	1,271 	43,846 	1,143 	41,166 	1,422 	39,734 	1,003 	42,704 	1,441 	39,783 	1,210 	36,995 	1,133 	37,090 	1,255 	32,740 	1,297 	31,637 	1,274 	30,863 	1,360 	31,293 	773 	30,510 	1,120 	29,358 	1,088 	30,737 	897 	29,224 	1,141 	28,552 	1,210 	26,435 	843 	26,749 	892 	25,500 	718 	23,877 	744 	21,425 	609 
Arkansas	38,571 	1,307 	36,538 	909 	39,586 	1,194 	40,795	1,348	37,057 	767 	36,658 	1,309 	34,984 	994 	32,002 	776 	32,387 	778 	33,339 	1,144 	29,697 	772 	29,682 	1,026 	27,665 	1,160 	26,162 	1,154 	27,123 	978 	25,814 	999 	25,565 	944 	23,039 	847 	23,882 	1,398 	23,435 	783 	22,786 	981 	21,433 	915 	20,172 	706 	18,827 	1,008 	18,730 	765 	17,451 	764 	15,674 	748 
California	54,459 	770 	56,134 	619 	57,014 	829 	55,734	618	55,319 	695 	51,755 	460 	49,222 	660 	49,300 	819 	47,437 	766 	47,262 	727 	46,816 	686 	43,629 	703 	40,934 	577 	39,694 	864 	38,812 	818 	37,009 	723 	35,331 	619 	34,073 	651 	34,903 	629 	33,664 	685 	33,290 	565 	33,009 	618 	30,287 	634 	30,146 	538 	29,010 	570 	26,981 	350 	25,287 	364 
Colorado	60,442 	1,615 	55,930 	1,595 	60,943 	1,898 	61,141	1,014	55,697 	1,524 	50,449 	1,287 	50,886 	1,590 	49,940 	1,158 	48,294 	1,464 	49,397 	1,190 	48,240 	1,237 	48,177 	1,483 	46,599 	1,086 	43,233 	1,944 	40,950 	1,329 	40,706 	1,552 	37,833 	1,446 	34,488 	1,569 	32,484 	1,471 	31,499 	1,245 	30,733 	906 	26,806 	1,398 	26,214 	1,285 	26,476 	1,075 	27,192 	926 	28,182 	850 	25,801 	805 
Connecticut	66,452 	2,143 	64,851 	2,308 	64,682 	2,701 	64,141	2,049	62,404 	2,162 	56,835 	1,633 	55,100 	1,648 	54,965 	1,561 	53,387 	1,370 	53,347 	1,240 	50,172 	1,357 	50,593 	2,296 	46,508 	2,728 	43,985 	1,989 	42,119 	3,087 	40,243 	2,269 	41,097 	1,595 	39,516 	1,660 	40,841 	1,972 	42,154 	1,944 	38,870 	2,097 	42,321 	1,592 	36,213 	1,293 	32,862 	1,362 	32,721 	1,605 	31,090 	1,129 	29,951 	1,238 
Delaware	55,269 	1,901 	52,114 	1,781 	50,702 	1,388 	54,589	2,159	52,438 	1,730 	51,235 	1,076 	48,049 	1,421 	49,019 	1,378 	49,650 	1,685 	49,602 	1,468 	50,365 	1,508 	46,628 	2,281 	41,458 	1,753 	43,033 	2,062 	39,309 	1,402 	34,928 	1,848 	35,873 	1,191 	36,064 	849 	35,678 	1,393 	32,585 	1,111 	30,804 	1,113 	32,068 	1,133 	30,505 	1,167 	29,244 	875 	25,626 	1,212 	22,980 	1,366 	25,819 	1,027 
District of Columbia	55,528 	2,725 	53,141 	2,088 	55,590 	1,763 	50,783	1,097	48,477 	1,679 	44,993 	2,167 	43,451 	1,864 	45,044 	1,418 	39,070 	995 	41,169 	1,023 	41,222 	1,072 	38,670 	1,599 	33,433 	1,311 	31,860 	984 	31,966 	1,578 	30,748 	1,182 	30,116 	1,107 	27,304 	1,726 	30,247 	1,124 	29,885 	1,903 	27,392 	1,562 	26,752 	1,015 	26,741 	748 	27,455 	1,285 	24,322 	1,252 	21,076 	756 	20,408 	860 
Florida	44,243 	871 	45,631 	706 	44,857 	858 	45,794	570	45,676 	629 	42,990 	810 	40,535 	632 	38,972 	759 	38,024 	828 	36,421 	417 	38,856 	743 	35,831 	627 	34,909 	767 	32,455 	583 	30,641 	513 	29,745 	612 	29,294 	632 	28,550 	707 	27,349 	526 	27,252 	475 	26,685 	454 	26,085 	475 	25,406 	475 	24,489 	476 	22,849 	540 	21,343 	437 	19,785 	468 
Georgia	44,108 	1,281 	43,340 	1,256 	46,227 	1,164 	48,641	1,078	49,344 	1,210 	45,926 	838 	40,984 	618 	42,438 	979 	42,939 	1,107 	42,576 	1,073 	41,901 	831 	39,425 	1,355 	38,665 	1,179 	36,663 	916 	32,496 	1,666 	34,099 	897 	31,467 	1,238 	31,663 	1,254 	28,797 	1,228 	27,212 	1,088 	27,561 	1,186 	27,542 	1,021 	26,566 	896 	26,714 	1,380 	24,370 	1,112 	21,049 	788 	19,984 	815 
Hawaii	58,507 	2,048 	55,649 	2,023 	61,521 	1,481 	64,022	2,125	60,470 	1,571 	59,586 	1,212 	56,242 	1,690 	51,834 	1,332 	47,303 	1,371 	47,439 	1,256 	51,546 	1,193 	44,504 	1,832 	40,827 	2,369 	40,934 	1,399 	41,772 	1,893 	42,851 	1,292 	42,255 	2,423 	42,662 	1,759 	42,113 	1,435 	37,246 	1,630 	38,921 	1,414 	35,035 	1,328 	33,024 	1,482 	35,022 	1,074 	29,003 	1,206 	28,961 	1,446 	28,877 	1,216 
Idaho	47,014 	1,211 	46,778 	1,264 	47,420 	1,681 	49,184	1,291	46,213 	1,312 	44,176 	1,254 	44,358 	1,387 	42,372 	982 	37,715 	1,121 	38,241 	966 	37,611 	1,192 	35,800 	1,413 	36,680 	1,090 	33,404 	1,339 	34,709 	1,341 	32,676 	1,116 	31,536 	1,278 	31,010 	1,323 	27,704 	874 	26,116 	1,029 	25,305 	975 	24,654 	953 	23,450 	1,004 	20,755 	834 	20,749 	680 	20,761 	598 	21,092 	963 
Illinois	50,761 	865 	52,870 	941 	53,254 	1,325 	52,506	950	48,671 	1,167 	48,398 	986 	46,077 	823 	45,153 	1,072 	42,710 	856 	46,171 	879 	46,064 	966 	46,330 	1,028 	43,178 	1,234 	41,283 	782 	39,554 	1,107 	38,071 	875 	35,081 	799 	32,857 	810 	31,551 	752 	31,884 	714 	32,542 	724 	31,300 	623 	29,524 	754 	27,084 	536 	26,511 	634 	24,870 	523 	23,752 	567 
Indiana	46,322 	1,516 	44,305 	1,085 	46,520 	1,185 	47,453	1,255	45,407 	1,236 	42,437 	1,100 	42,329 	1,151 	42,425 	959 	41,047 	748 	40,379 	948 	40,865 	679 	40,838 	1,719 	39,731 	1,589 	38,889 	1,183 	35,147 	1,298 	33,385 	1,444 	27,858 	1,032 	29,475 	1,361 	28,530 	1,315 	27,089 	922 	26,928 	1,099 	25,898 	1,022 	26,293 	931 	22,519 	944 	22,728 	709 	22,675 	626 	22,770 	710 
Iowa	49,177 	1,403 	50,721 	1,535 	50,142 	1,293 	48,908	1,451	48,126 	1,491 	46,500 	1,339 	43,391 	1,521 	41,384 	884 	41,049 	1,152 	40,976 	1,133 	40,991 	811 	41,098 	1,130 	37,019 	1,202 	33,783 	1,282 	33,209 	1,527 	35,519 	942 	33,079 	1,280 	28,663 	1,240 	28,743 	972 	28,553 	1,012 	27,288 	986 	26,265 	792 	24,305 	1,078 	22,190 	912 	22,459 	750 	20,927 	604 	19,863 	745 
Kansas	46,229 	1,227 	44,717 	1,788 	47,877 	1,410 	48,497	1,805	45,552 	1,252 	42,027 	985 	41,066 	1,749 	44,232 	1,326 	42,619 	1,047 	41,415 	1,115 	41,059 	1,168 	37,348 	2,078 	36,711 	1,617 	36,471 	1,614 	32,585 	1,460 	30,341 	921 	28,322 	1,064 	29,770 	1,144 	30,346 	1,137 	29,295 	934 	29,917 	1,179 	26,862 	908 	25,566 	1,153 	25,583 	900 	23,926 	782 	22,788 	1,033 	24,629 	912 
Kentucky	41,236 	1,237 	42,664 	1,313 	41,148 	812 	39,452	1,211	39,485 	1,051 	36,699 	898 	35,610 	1,218 	36,936 	857 	36,762 	874 	38,437 	1,009 	36,265 	848 	33,738 	1,484 	36,252 	1,511 	33,452 	1,659 	32,413 	1,439 	29,810 	1,149 	26,595 	1,028 	24,376 	1,091 	23,485 	1,259 	23,764 	1,046 	24,780 	1,213 	23,283 	1,206 	19,907 	801 	20,673 	939 	19,874 	1,006 	17,361 	748 	17,680 	1,079 
Louisiana	39,443 	2,159 	45,433 	1,813 	39,563 	1,486 	41,313	937	36,488 	1,425 	37,236 	1,297 	36,429 	1,243 	33,507 	1,103 	34,008 	1,258 	33,322 	1,195 	30,718 	828 	32,654 	1,244 	31,735 	1,660 	33,260 	1,551 	30,262 	1,290 	27,949 	1,090 	25,676 	1,501 	26,312 	1,164 	25,439 	1,142 	25,299 	1,156 	22,405 	1,580 	22,861 	1,857 	20,497 	1,474 	21,349 	858 	20,890 	956 	21,179 	728 	18,949 	880 
Maine	48,133 	1,458 	47,502 	1,739 	47,228 	1,436 	47,894	1,398	45,642 	1,797 	43,923 	1,433 	41,329 	1,223 	37,113 	945 	36,853 	846 	36,612 	952 	37,266 	853 	38,862 	1,319 	35,640 	1,049 	32,772 	1,301 	34,696 	1,211 	33,858 	1,088 	30,316 	1,537 	27,438 	1,203 	29,617 	1,026 	27,868 	1,253 	27,464 	1,572 	28,221 	1,389 	26,402 	942 	23,600 	1,019 	23,424 	970 	20,519 	803 	20,648 	884 
Maryland	64,025 	2,021 	64,186 	1,674 	63,711 	1,769 	65,630	1,661	63,668 	1,601 	60,512 	1,477 	57,103 	1,692 	52,314 	1,223 	56,407 	1,532 	53,530 	1,652 	54,535 	1,400 	52,205 	2,217 	50,016 	2,161 	46,685 	1,476 	43,993 	2,565 	41,041 	1,627 	39,198 	1,400 	39,939 	1,282 	37,203 	1,626 	36,952 	1,417 	38,857 	1,596 	36,016 	1,187 	36,552 	1,196 	34,970 	1,388 	30,604 	1,036 	30,136 	966 	29,708 	1,151 
Massachusetts	61,333 	987 	59,373 	1,749 	60,320 	1,674 	58,463	2,231	55,330 	2,079 	56,017 	1,754 	52,019 	1,667 	50,955 	953 	49,855 	1,153 	52,253 	1,518 	46,753 	1,357 	44,005 	2,023 	42,345 	1,961 	42,023 	1,383 	39,494 	1,932 	38,574 	1,475 	40,500 	1,060 	37,064 	949 	36,359 	738 	35,714 	790 	36,247 	828 	36,086 	704 	33,213 	839 	32,241 	716 	30,339 	735 	28,207 	810 	26,959 	693 
Michigan	46,441 	1,044 	45,994 	1,003 	49,788 	1,154 	49,370	798	48,647 	966 	45,933 	915 	42,256 	858 	45,022 	950 	42,715 	1,115 	45,047 	868 	45,512 	1,095 	46,089 	1,026 	41,821 	917 	38,742 	1,108 	39,225 	1,143 	36,426 	994 	35,284 	685 	32,662 	682 	32,267 	761 	32,117 	689 	29,937 	663 	30,775 	790 	29,472 	607 	27,702 	724 	26,605 	648 	24,242 	838 	22,965 	635 
Minnesota	52,554 	1,319 	56,090 	1,237 	54,925 	1,427 	58,058	1,888	56,211 	1,218 	54,215 	1,244 	56,104 	1,070 	52,823 	1,228 	54,622 	1,196 	52,681 	1,134 	54,251 	1,703 	47,038 	1,527 	47,926 	2,115 	42,564 	1,510 	40,991 	1,225 	37,933 	1,848 	33,644 	1,360 	33,682 	1,212 	30,981 	1,297 	29,479 	1,146 	31,465 	1,028 	30,185 	1,278 	29,087 	1,041 	28,082 	1,113 	26,443 	1,150 	23,856 	1,022 	24,436 	914 
Mississippi	37,985 	1,570 	35,078 	1,304 	36,446 	830 	37,279	951	34,733 	1,583 	32,875 	1,292 	34,755 	1,132 	32,728 	1,113 	30,882 	766 	30,161 	1,186 	34,299 	1,354 	32,478 	1,408 	29,120 	1,158 	28,499 	1,386 	26,677 	1,316 	26,538 	1,028 	25,400 	752 	22,191 	1,229 	20,570 	1,074 	19,475 	1,053 	20,178 	802 	19,917 	947 	18,166 	888 	18,513 	901 	16,513 	639 	16,413 	619 	15,430 	732 
Missouri	46,184 	1,529 	48,769 	1,595 	46,038 	1,146 	46,005	1,104	44,579 	1,402 	42,986 	989 	42,137 	1,073 	43,762 	875 	42,776 	1,074 	41,339 	1,204 	45,097 	1,187 	41,383 	1,191 	40,201 	1,868 	36,553 	2,060 	34,265 	1,513 	34,825 	1,373 	30,190 	1,442 	28,682 	1,466 	27,361 	1,451 	27,926 	1,415 	27,332 	1,394 	26,497 	746 	23,443 	1,088 	23,720 	1,167 	21,925 	772 	21,939 	608 	20,775 	715 
Montana	41,467 	855 	40,437 	1,002 	42,900 	1,764 	43,655	1,699	41,105 	697 	37,313 	1,161 	33,956 	709 	34,108 	1,067 	34,835 	1,212 	32,126 	737 	32,777 	1,001 	31,038 	966 	31,577 	1,133 	29,212 	1,145 	28,684 	1,566 	27,757 	1,105 	27,631 	1,246 	26,470 	965 	26,525 	728 	24,827 	890 	23,375 	983 	23,692 	1,311 	22,231 	829 	20,474 	799 	20,328 	749 	20,236 	800 	19,536 	720 
Nebraska	52,728 	1,424 	49,595 	1,657 	50,728 	1,254 	49,174	1,379	48,145 	1,490 	47,923 	1,447 	43,786 	1,332 	43,974 	1,306 	42,796 	1,038 	43,611 	1,116 	41,750 	1,018 	38,626 	1,366 	36,413 	1,549 	34,692 	1,528 	34,014 	1,500 	32,929 	1,155 	31,794 	1,116 	31,008 	833 	30,048 	1,071 	29,549 	1,007 	27,482 	1,128 	26,319 	1,521 	25,159 	960 	23,268 	761 	21,772 	814 	21,799 	914 	21,397 	765 
Nevada	51,525 	1,366 	51,434 	1,097 	54,744 	2,658 	54,058	1,294	52,282 	1,252 	48,209 	1,680 	47,204 	1,382 	45,184 	1,554 	44,958 	1,161 	45,403 	1,130 	45,758 	1,011 	41,461 	1,764 	39,756 	1,225 	38,854 	1,576 	38,540 	1,615 	36,084 	1,314 	35,871 	1,534 	35,814 	1,078 	31,908 	796 	32,937 	1,564 	32,023 	1,179 	29,340 	948 	27,983 	956 	26,878 	1,128 	26,217 	895 	23,274 	1,005 	25,776 	1,018 
New Hampshire	66,707 	1,562 	64,131 	1,856 	66,176 	3,204 	67,576	1,846	61,970 	1,479 	56,984 	2,026 	56,815 	1,324 	55,567 	1,304 	55,321 	1,289 	51,331 	719 	50,926 	1,243 	46,055 	1,952 	44,958 	1,866 	40,998 	1,604 	39,407 	1,734 	39,171 	1,556 	35,245 	1,837 	37,964 	1,620 	39,436 	1,922 	36,032 	1,339 	40,805 	1,313 	37,532 	1,371 	34,625 	1,129 	32,338 	1,450 	30,548 	829 	26,403 	1,074 	25,914 	735 
New Jersey	63,540 	1,634 	64,777 	1,919 	65,306 	2,297 	60,508	1,458	68,059 	1,979 	63,368 	2,257 	55,275 	1,283 	56,045 	1,023 	54,568 	1,605 	51,771 	933 	50,405 	991 	49,734 	1,405 	49,826 	1,436 	48,021 	1,424 	47,468 	1,217 	43,924 	1,400 	42,280 	1,064 	40,500 	986 	39,000 	841 	40,049 	1,033 	38,734 	864 	39,120 	948 	36,287 	658 	34,241 	794 	31,715 	842 	30,980 	643 	27,776 	800 
New Mexico	45,098 	1,969 	43,542 	1,494 	42,102 	1,381 	44,356	1,474	40,028 	1,257 	38,947 	1,700 	39,562 	1,584 	35,105 	1,142 	35,457 	1,061 	33,124 	1,238 	35,093 	1,248 	32,574 	1,746 	31,543 	1,398 	30,086 	1,157 	25,086 	1,091 	25,991 	1,100 	26,905 	1,382 	26,758 	853 	25,860 	1,347 	26,540 	1,195 	25,039 	1,048 	22,602 	1,029 	19,296 	833 	20,758 	621 	19,845 	693 	20,423 	1,025 	20,630 	1,029 
New York	49,826 	808 	50,216 	599 	50,461 	682 	48,944	918	48,222 	989 	47,176 	827 	44,649 	792 	42,788 	872 	41,966 	580 	42,114 	600 	40,744 	581 	39,989 	879 	37,394 	777 	35,798 	634 	35,410 	746 	33,028 	716 	31,899 	477 	31,697 	556 	31,051 	529 	31,794 	538 	31,591 	511 	31,496 	453 	28,915 	668 	26,384 	456 	25,025 	474 	23,639 	523 	22,027 	417 
North Carolina	43,753 	1,075 	41,906 	576 	42,930 	846 	43,513	1,072	39,797 	815 	42,056 	964 	40,238 	812 	37,279 	941 	36,515 	716 	38,162 	951 	38,317 	806 	37,254 	960 	35,838 	1,022 	35,840 	917 	35,601 	1,008 	31,979 	888 	30,114 	670 	28,820 	653 	27,771 	616 	26,853 	510 	26,329 	556 	26,406 	517 	24,415 	536 	22,760 	542 	21,861 	698 	21,451 	585 	20,569 	641 
North Dakota	51,380 	1,192 	50,075 	1,738 	49,631 	1,188 	47,205	1,280	41,047 	1,405 	42,192 	1,221 	39,220 	1,251 	40,410 	852 	36,200 	824 	35,793 	804 	35,996 	1,065 	32,663 	1,383 	30,304 	1,179 	31,661 	1,361 	31,470 	1,184 	29,089 	1,217 	28,278 	1,115 	28,118 	835 	26,959 	901 	25,892 	932 	25,264 	1,003 	25,229 	903 	24,092 	1,009 	22,576 	905 	21,508 	785 	21,205 	809 	20,771 	1,038 
Ohio	46,093 	802 	45,879 	626 	46,934 	848 	49,099	1,085	45,900 	633 	44,203 	1,046 	43,055 	977 	43,520 	930 	42,684 	777 	41,785 	661 	42,962 	732 	39,489 	989 	38,925 	1,576 	36,134 	894 	34,070 	1,063 	34,941 	988 	31,855 	584 	31,285 	658 	31,404 	587 	29,790 	759 	30,013 	720 	29,021 	655 	27,740 	636 	25,773 	555 	25,115 	588 	25,174 	564 	23,123 	492 
Oklahoma	43,400 	1,416 	45,878 	1,139 	46,111 	931 	43,216	1,453	38,838 	1,597 	37,645 	1,449 	39,614 	1,122 	35,902 	781 	36,458 	613 	35,609 	690 	32,432 	709 	32,683 	1,491 	33,727 	1,232 	31,351 	1,025 	27,437 	1,089 	26,311 	880 	26,991 	1,213 	26,260 	1,492 	25,284 	1,075 	25,462 	1,079 	24,384 	1,044 	23,667 	1,236 	23,667 	756 	21,691 	884 	20,948 	871 	21,205 	764 	21,148 	718 
Oregon	50,526 	1,216 	49,098 	1,644 	51,727 	1,374 	50,236	1,357	47,091 	1,396 	44,159 	1,391 	40,994 	1,051 	41,638 	965 	41,802 	855 	41,273 	752 	42,499 	936 	40,619 	1,252 	39,067 	1,927 	37,247 	1,788 	35,492 	1,274 	36,374 	970 	31,456 	1,128 	33,138 	1,160 	31,927 	2,039 	30,190 	1,087 	29,281 	966 	28,529 	1,435 	27,748 	1,150 	25,038 	1,092 	24,773 	1,002 	21,894 	1,042 	21,399 	745 
Pennsylvania	48,460 	958 	48,172 	937 	51,402 	589 	48,437	932	48,477 	869 	46,300 	745 	44,106 	1,039 	42,933 	778 	42,498 	795 	43,499 	723 	42,176 	704 	37,758 	1,141 	39,015 	1,080 	37,517 	964 	34,899 	974 	34,524 	683 	32,066 	654 	30,995 	694 	29,882 	667 	30,367 	614 	29,005 	688 	28,690 	684 	26,742 	497 	25,424 	541 	23,807 	495 	22,877 	538 	20,346 	499 
Rhode Island	51,914 	1,399 	51,634 	1,446 	53,241 	2,399 	54,210	1,849	53,736 	1,823 	49,484 	1,456 	47,935 	1,972 	44,711 	1,249 	42,417 	875 	45,723 	1,147 	42,197 	1,018 	42,719 	1,980 	40,686 	2,657 	34,797 	2,235 	36,986 	1,036 	35,359 	1,373 	31,928 	1,321 	33,509 	1,547 	30,432 	1,433 	30,836 	1,091 	31,968 	1,175 	30,124 	1,354 	29,842 	1,584 	28,292 	1,440 	26,540 	1,060 	24,625 	900 	21,612 	848 
South Carolina	41,709 	1,016 	41,101 	1,113 	42,155 	1,121 	44,213	1,553	39,617 	1,347 	40,230 	1,204 	38,691 	1,021 	38,479 	1,121 	37,812 	1,224 	37,736 	1,023 	37,570 	937 	36,462 	1,728 	33,267 	1,310 	34,262 	1,609 	34,665 	1,405 	29,071 	1,400 	29,846 	1,139 	26,053 	960 	27,578 	1,434 	27,463 	1,137 	28,735 	1,383 	23,798 	1,059 	25,533 	1,150 	25,049 	1,136 	21,968 	864 	20,036 	862 	20,309 	934 
South Dakota	45,669 	1,266 	45,826 	1,289 	51,600 	995 	46,418	900	45,427 	1,641 	43,151 	1,369 	41,107 	995 	39,522 	1,004 	37,873 	953 	39,671 	856 	36,475 	687 	35,828 	944 	32,786 	1,013 	29,694 	1,145 	29,526 	1,003 	29,578 	1,610 	29,733 	1,185 	27,737 	1,040 	26,259 	669 	24,639 	780 	24,571 	858 	24,108 	999 	22,294 	703 	21,151 	597 	19,898 	664 	18,142 	702 	19,409 	928 
Tennessee	38,686 	900 	40,517 	988 	39,702 	1,211 	41,195	1,116	40,693 	755 	39,406 	1,191 	38,072 	1,057 	37,523 	1,181 	37,030 	1,111 	35,783 	791 	34,096 	930 	36,522 	1,310 	34,091 	1,307 	30,636 	1,358 	30,790 	1,087 	29,015 	1,268 	28,639 	1,028 	25,102 	831 	24,318 	913 	24,453 	915 	22,592 	869 	22,611 	1,305 	20,856 	1,017 	21,179 	795 	18,256 	884 	17,778 	557 	16,782 	576 
Texas	47,464 	766 	47,475 	743 	46,490 	674 	46,053	700	43,307 	828 	41,422 	420 	41,397 	549 	39,271 	762 	40,149 	563 	40,860 	512 	38,609 	785 	38,688 	1,020 	35,783 	662 	35,075 	880 	33,072 	763 	32,039 	634 	30,755 	655 	28,727 	613 	27,953 	634 	27,733 	626 	28,228 	716 	25,886 	559 	24,963 	582 	24,721 	637 	24,162 	514 	23,743 	546 	23,024 	533 
Utah	56,787 	1,044 	58,491 	1,588 	62,537 	1,526 	53,529	1,218	54,628 	1,671 	54,813 	1,303 	50,871 	927 	49,275 	902 	47,861 	1,146 	47,342 	1,601 	47,550 	1,041 	46,050 	1,615 	44,299 	1,375 	42,775 	1,785 	37,038 	1,330 	36,480 	919 	35,716 	1,041 	35,786 	1,242 	34,251 	1,145 	28,016 	1,359 	30,142 	1,018 	30,717 	1,014 	26,313 	909 	26,529 	1,194 	26,281 	810 	25,238 	702 	23,057 	735 
Vermont	55,942 	1,572 	52,318 	1,438 	50,706 	982 	47,390	1,398	51,981 	1,266 	50,704 	1,309 	47,329 	1,270 	43,261 	977 	42,999 	830 	40,794 	944 	39,594 	921 	41,584 	1,407 	39,372 	1,591 	35,053 	1,727 	32,358 	1,250 	33,824 	1,242 	35,802 	1,906 	31,065 	956 	32,755 	1,333 	29,155 	1,222 	31,098 	1,331 	31,295 	1,136 	28,988 	1,077 	25,415 	1,374 	24,599 	1,003 	26,000 	942 	22,578 	983 
Virginia	60,363 	1,252 	60,501 	1,193 	61,985 	1,447 	59,161	1,365	57,119 	1,592 	51,914 	1,185 	51,141 	1,116 	54,783 	1,563 	49,631 	1,290 	50,241 	1,148 	47,163 	1,065 	45,693 	1,770 	43,354 	2,195 	42,957 	1,897 	39,211 	1,459 	36,222 	1,391 	37,647 	1,531 	36,433 	1,387 	38,198 	1,359 	36,137 	1,336 	35,073 	1,048 	34,118 	1,205 	32,648 	1,319 	29,996 	1,013 	29,715 	1,074 	28,429 	1,324 	26,525 	874 
Washington	56,253 	1,209 	60,392 	1,199 	56,631 	2,021 	58,080	1,736	54,723 	1,244 	50,646 	1,045 	49,922 	1,068 	47,508 	1,395 	45,183 	964 	42,490 	1,264 	42,525 	1,211 	45,473 	2,080 	47,421 	1,379 	44,562 	1,715 	36,676 	1,608 	35,568 	1,252 	33,533 	1,190 	35,655 	1,111 	33,900 	1,247 	33,970 	1,185 	32,112 	1,239 	31,961 	1,472 	32,327 	1,030 	27,319 	1,108 	26,881 	950 	24,000 	756 	25,017 	823 
West Virginia	42,839 	999 	40,490 	913 	37,994 	1,404 	42,091	989	38,419 	1,214 	36,445 	1,076 	33,373 	1,173 	32,763 	993 	29,359 	699 	29,673 	674 	29,411 	645 	29,297 	1,149 	26,704 	780 	27,488 	1,315 	25,247 	1,301 	24,880 	870 	23,564 	1,217 	22,421 	981 	20,271 	892 	23,147 	918 	22,137 	1,142 	21,677 	843 	19,353 	930 	17,207 	778 	16,464 	905 	15,983 	828 	16,843 	608 
Wisconsin	50,522 	863 	51,237 	806 	51,200 	852 	51,277	1,040	51,692 	1,146 	44,650 	1,178 	45,732 	1,337 	46,269 	978 	45,903 	946 	45,346 	1,123 	45,088 	952 	45,667 	1,878 	41,327 	1,271 	39,595 	1,150 	40,001 	1,780 	40,955 	1,318 	35,388 	1,272 	31,766 	1,340 	33,308 	1,097 	31,133 	1,018 	30,711 	897 	29,123 	1,240 	29,575 	978 	26,369 	1,410 	26,430 	803 	23,246 	1,161 	20,743 	821 
Wyoming	52,359 	1,330 	52,470 	2,131 	53,337 	1,577 	48,744	1,363	47,041 	1,503 	44,718 	1,508 	45,397 	1,146 	42,555 	1,000 	39,763 	976 	39,719 	1,166 	39,629 	1,056 	37,248 	1,285 	35,250 	1,316 	33,423 	1,441 	30,953 	858 	31,529 	1,136 	33,140 	1,848 	29,442 	1,167 	30,209 	1,420 	29,050 	1,382 	29,460 	991 	29,521 	1,289 	26,419 	1,095 	27,590 	1,458 	23,559 	863 	22,081 	1,049 	23,816 	731 
2010 Dollars																																																						
     United States	49,445	209	50,599	217	50,939	139	52,823	147	52,124 	224 	51,739 	173 	51,174 	226 	51,353 	223 	51,398 	168 	52,005 	159 	53,164 	167 	53,252 	249 	51,944 	307 	50,123 	232 	49,112 	248 	48,408 	280 	46,937 	214 	46,419 	217 	46,646 	221 	47,032 	225 	48,423 	247 	49,076 	270 	48,216 	246 	47,848 	233 	47,256 	245 	45,640 	247 	44,802 	204 
Alabama	40,976	800	40,640	919	45,039	1,680	44,388	1,493	41,041 	1,097 	41,491 	1,357 	42,280 	1,504 	44,165 	1,873 	45,573 	1,287 	43,301 	1,239 	44,851 	1,357 	47,436 	1,556 	48,445 	1,746 	43,261 	2,177 	41,930 	1,741 	36,922 	1,798 	39,565 	2,268 	37,268 	1,617 	39,295 	1,611 	38,009 	1,667 	37,772 	1,677 	36,135 	1,817 	35,328 	1,615 	36,232 	2,106 	36,313 	1,680 	35,427 	1,469 	34,598 	1,209 
Alaska	58,198	1,681	62,621	1,780	64,798	2,331	66,241	1,665	61,010 	1,617 	62,422 	1,487 	63,559 	2,391 	61,452 	1,163 	63,960 	1,300 	70,645 	2,478 	66,910 	1,467 	67,254 	2,913 	67,716 	2,837 	65,007 	1,704 	73,033 	2,639 	68,123 	2,853 	66,000 	2,173 	63,789 	2,441 	63,647 	1,760 	63,403 	2,844 	63,552 	2,631 	61,130 	2,340 	58,626 	2,095 	61,016 	2,749 	59,515 	1,930 	67,213 	2,104 	64,672 	2,944 
Arizona	47,279	1,347	46,494	1,261	47,507	1,139	49,649	1,635	50,454 	1,347 	50,532 	1,420 	50,611 	1,319 	48,802 	1,686 	48,156 	1,216 	52,592 	1,775 	50,370 	1,532 	48,409 	1,483 	49,546 	1,676 	44,346 	1,757 	43,778 	1,763 	43,844 	1,932 	45,525 	1,125 	45,333 	1,664 	44,700 	1,657 	47,986 	1,400 	47,260 	1,845 	48,475 	2,054 	46,817 	1,493 	49,111 	1,638 	48,400 	1,363 	46,140 	1,438 	42,823 	1,217 
Arkansas	38,571	1,307	37,141	924	40,087	1,209	42,898	1,418	40,073 	829 	40,941 	1,462 	40,382 	1,147 	37,938 	920 	39,252 	943 	41,058 	1,409 	37,600 	977 	38,840 	1,343 	36,956 	1,550 	35,436 	1,563 	37,531 	1,353 	36,671 	1,419 	37,192 	1,373 	34,232 	1,259 	36,362 	2,129 	36,586 	1,222 	36,849 	1,586 	36,388 	1,553 	35,725 	1,250 	34,567 	1,851 	35,550 	1,452 	33,722 	1,476 	31,328 	1,495 
California	54,459	770	57,061	629	57,735	839	58,608	650	59,821 	752 	57,802 	514 	56,816 	762 	58,445 	971 	57,492 	928 	58,205 	895 	59,274 	869 	57,090 	920 	54,681 	771 	53,765 	1,170 	53,706 	1,132 	52,574 	1,027 	51,399 	901 	50,627 	967 	53,143 	958 	52,556 	1,069 	53,836 	914 	56,042 	1,049 	53,639 	1,123 	55,348 	988 	55,062 	1,082 	52,138 	676 	50,542 	728 
Colorado	60,442	1,615	56,853	1,621	61,714	1,922	64,293	1,066	60,230 	1,648 	56,344 	1,437 	58,737 	1,835 	59,203 	1,373 	58,530 	1,774 	60,834 	1,466 	61,077 	1,566 	63,042 	1,941 	62,249 	1,451 	58,558 	2,633 	56,665 	1,839 	57,826 	2,205 	55,039 	2,104 	51,244 	2,331 	49,460 	2,240 	49,176 	1,944 	49,701 	1,465 	45,511 	2,373 	46,425 	2,276 	48,610 	1,974 	51,612 	1,758 	54,459 	1,643 	51,570 	1,609 
Connecticut	66,452	2,143	65,922	2,346	65,500	2,735	67,448	2,155	67,483 	2,338 	63,476 	1,824 	63,601 	1,902 	65,160 	1,851 	64,703 	1,660 	65,699 	1,527 	63,523 	1,718 	66,203 	3,004 	62,127 	3,644 	59,577 	2,694 	58,282 	4,272 	57,169 	3,223 	59,788 	2,320 	58,715 	2,467 	62,184 	3,003 	65,810 	3,035 	62,859 	3,391 	71,851 	2,703 	64,134 	2,290 	60,335 	2,501 	62,106 	3,046 	60,079 	2,182 	59,865 	2,474 
Delaware	55,269	1,901	52,974	1,810	51,343	1,406	57,404	2,270	56,706 	1,871 	57,222 	1,202 	55,462 	1,640 	58,111 	1,634 	60,174 	2,042 	61,087 	1,808 	63,768 	1,909 	61,015 	2,985 	55,381 	2,342 	58,288 	2,793 	54,394 	1,940 	49,618 	2,625 	52,188 	1,733 	53,586 	1,261 	54,323 	2,121 	50,871 	1,734 	49,815 	1,800 	54,444 	1,924 	54,025 	2,067 	53,692 	1,607 	48,639 	2,300 	44,407 	2,640 	51,606 	2,053 
District of Columbia	55,528	2,725	54,018	2,122	56,293	1,785	53,401	1,154	52,423 	1,816 	50,250 	2,420 	50,155 	2,152 	53,399 	1,681 	47,351 	1,206 	50,701 	1,260 	52,192 	1,357 	50,601 	2,092 	44,661 	1,751 	43,154 	1,333 	44,233 	2,184 	43,680 	1,679 	43,813 	1,610 	40,570 	2,565 	46,054 	1,711 	46,656 	2,971 	44,298 	2,526 	45,419 	1,723 	47,359 	1,325 	50,408 	2,359 	46,164 	2,376 	40,727 	1,461 	40,791 	1,719 
Florida	44,243	871	46,384	718	45,424	869	48,155	599	49,394 	680 	48,013 	905 	46,789 	730 	46,201 	900 	46,084 	1,004 	44,854 	514 	49,196 	941 	46,886 	820 	46,633 	1,025 	43,960 	790 	42,400 	710 	42,255 	869 	42,617 	919 	42,421 	1,050 	41,641 	801 	42,546 	742 	43,154 	734 	44,286 	806 	44,994 	841 	44,962 	874 	43,368 	1,025 	41,243 	844 	39,545 	935 
Georgia	44,108	1,281	44,055	1,277	46,812	1,179	51,149	1,134	53,360 	1,308 	51,292 	936 	47,307 	713 	50,310 	1,161 	52,040 	1,342 	52,434 	1,321 	53,051 	1,052 	51,589 	1,773 	51,650 	1,575 	49,659 	1,241 	44,966 	2,305 	48,441 	1,274 	45,778 	1,801 	47,046 	1,863 	43,846 	1,870 	42,483 	1,699 	44,571 	1,918 	46,760 	1,733 	47,049 	1,587 	49,047 	2,534 	46,255 	2,111 	40,675 	1,523 	39,943 	1,629 
Hawaii	58,507	2,048	56,568	2,056	62,299	1,500	67,323	2,235	65,392 	1,699 	66,548 	1,354 	64,920 	1,951 	61,449 	1,579 	57,329 	1,662 	58,423 	1,547 	65,263 	1,510 	58,235 	2,397 	54,538 	3,165 	55,444 	1,895 	57,802 	2,619 	60,874 	1,835 	61,472 	3,525 	63,389 	2,614 	64,121 	2,185 	58,148 	2,545 	62,942 	2,287 	59,481 	2,255 	58,486 	2,625 	64,301 	1,972 	55,049 	2,289 	55,964 	2,794 	57,718 	2,430 
Idaho	47,014	1,211	47,550	1,285	48,020	1,702	51,720	1,358	49,974 	1,419 	49,338 	1,401 	51,202 	1,601 	50,231 	1,164 	45,709 	1,359 	47,095 	1,190 	47,620 	1,509 	46,846 	1,849 	48,998 	1,456 	45,245 	1,814 	48,029 	1,856 	46,419 	1,585 	45,878 	1,859 	46,076 	1,966 	42,182 	1,331 	40,772 	1,606 	40,923 	1,577 	41,857 	1,618 	41,530 	1,778 	38,106 	1,531 	39,383 	1,291 	40,119 	1,156 	42,158 	1,925 
Illinois	50,761	865	53,743	957	53,928	1,342	55,213	999	52,632 	1,262 	54,053 	1,101 	53,186 	950 	53,528 	1,271 	51,763 	1,037 	56,861 	1,083 	58,322 	1,223 	60,625 	1,345 	57,679 	1,648 	55,917 	1,059 	54,733 	1,532 	54,083 	1,243 	51,036 	1,162 	48,820 	1,204 	48,039 	1,145 	49,777 	1,115 	52,626 	1,171 	53,140 	1,058 	52,288 	1,335 	49,726 	984 	50,319 	1,203 	48,059 	1,011 	47,474 	1,133 
Indiana	46,322	1,516	45,036	1,103	47,108	1,200	49,900	1,320	49,103 	1,337 	47,396 	1,229 	48,860 	1,329 	50,294 	1,137 	49,747 	907 	49,728 	1,167 	51,740 	860 	53,438 	2,249 	53,074 	2,123 	52,675 	1,602 	48,635 	1,796 	47,426 	2,051 	40,528 	1,501 	43,795 	2,022 	43,439 	2,002 	42,291 	1,439 	43,547 	1,777 	43,969 	1,735 	46,565 	1,649 	41,345 	1,733 	43,139 	1,346 	43,817 	1,210 	45,512 	1,419 
Iowa	49,177	1,403	51,558	1,560	50,776	1,309	51,430	1,526	52,043 	1,612 	51,933 	1,495 	50,086 	1,756 	49,060 	1,048 	49,750 	1,396 	50,464 	1,395 	51,899 	1,027 	53,778 	1,479 	49,451 	1,606 	45,759 	1,736 	45,953 	2,113 	50,458 	1,338 	48,123 	1,862 	42,589 	1,842 	43,764 	1,480 	44,577 	1,580 	44,129 	1,595 	44,592 	1,345 	43,045 	1,909 	40,741 	1,674 	42,628 	1,424 	40,440 	1,167 	39,701 	1,489 
Kansas	46,229	1,227	45,455	1,818	48,483	1,428	50,998	1,898	49,260 	1,354 	46,938 	1,100 	47,402 	2,019 	52,436 	1,572 	51,653 	1,269 	51,004 	1,373 	51,985 	1,479 	48,871 	2,719 	49,040 	2,160 	49,399 	2,186 	45,090 	2,020 	43,102 	1,308 	41,203 	1,548 	44,234 	1,700 	46,204 	1,731 	45,735 	1,458 	48,381 	1,907 	45,606 	1,542 	45,278 	2,042 	46,971 	1,652 	45,413 	1,484 	44,036 	1,996 	49,227 	1,823 
Kentucky	41,236	1,237	43,368	1,335	41,669	822	41,486	1,273	42,699 	1,137 	40,987 	1,003 	41,104 	1,406 	43,787 	1,016 	44,554 	1,059 	47,337 	1,243 	45,916 	1,074 	44,148 	1,942 	48,427 	2,018 	45,310 	2,247 	44,852 	1,991 	42,348 	1,632 	38,690 	1,496 	36,219 	1,621 	35,758 	1,917 	37,100 	1,633 	40,074 	1,962 	39,529 	2,048 	35,256 	1,419 	37,956 	1,724 	37,722 	1,909 	33,549 	1,445 	35,338 	2,157 
Louisiana	39,443	2,159	46,183	1,843	40,063	1,505	43,443	985	39,458 	1,541 	41,587 	1,449 	42,050 	1,435 	39,722 	1,308 	41,216 	1,525 	41,037 	1,472 	38,892 	1,048 	42,729 	1,628 	42,393 	2,217 	45,050 	2,101 	41,875 	1,785 	39,704 	1,548 	37,353 	2,184 	39,096 	1,730 	38,733 	1,739 	39,497 	1,805 	36,233 	2,555 	38,813 	3,153 	36,301 	2,610 	39,197 	1,575 	39,650 	1,815 	40,926 	1,407 	37,874 	1,759 
Maine	48,133	1,458	48,286	1,768	47,825	1,454	50,363	1,470	49,357 	1,943 	49,055 	1,600 	47,706 	1,412 	43,997 	1,120 	44,664 	1,025 	45,089 	1,172 	47,183 	1,080 	50,853 	1,726 	47,609 	1,401 	44,389 	1,762 	48,011 	1,676 	48,098 	1,546 	44,104 	2,236 	40,769 	1,787 	45,094 	1,562 	43,507 	1,956 	44,414 	2,542 	47,913 	2,358 	46,758 	1,668 	43,330 	1,871 	44,460 	1,841 	39,651 	1,552 	41,270 	1,767 
Maryland	64,025	2,021	65,246	1,702	64,517	1,791	69,014	1,747	68,850 	1,731 	67,583 	1,650 	65,913 	1,953 	62,018 	1,450 	68,363 	1,857 	65,924 	2,035 	69,047 	1,773 	68,312 	2,901 	66,813 	2,887 	63,234 	1,999 	60,875 	3,549 	58,302 	2,311 	57,025 	2,037 	59,343 	1,905 	56,645 	2,476 	57,689 	2,212 	62,838 	2,581 	61,147 	2,015 	64,734 	2,118 	64,205 	2,548 	58,088 	1,966 	58,235 	1,867 	59,379 	2,301 
Massachusetts	61,333	987	60,353	1,778	61,083	1,695	61,477	2,346	59,833 	2,248 	62,562 	1,959 	60,045 	1,924 	60,406 	1,130 	60,422 	1,397 	64,352 	1,869 	59,195 	1,718 	57,582 	2,647 	56,566 	2,620 	56,919 	1,873 	54,650 	2,673 	54,798 	2,095 	58,919 	1,542 	55,071 	1,410 	55,360 	1,124 	55,756 	1,233 	58,618 	1,339 	61,266 	1,195 	58,821 	1,486 	59,195 	1,315 	57,585 	1,395 	54,507 	1,565 	53,884 	1,385 
Michigan	46,441	1,044	46,753	1,020	50,418	1,169	51,916	839	52,606 	1,045 	51,300 	1,022 	48,776 	990 	53,373 	1,126 	51,769 	1,351 	55,477 	1,069 	57,623 	1,386 	60,309 	1,343 	55,866 	1,225 	52,475 	1,501 	54,278 	1,582 	51,746 	1,412 	51,331 	997 	48,531 	1,013 	49,129 	1,159 	50,141 	1,076 	48,413 	1,072 	52,249 	1,341 	52,195 	1,075 	50,861 	1,329 	50,497 	1,230 	46,845 	1,619 	45,901 	1,269 
Minnesota	52,554	1,319	57,016	1,257	55,620	1,445	61,051	1,985	60,786 	1,317 	60,550 	1,389 	64,760 	1,235 	62,621 	1,456 	66,200 	1,450 	64,879 	1,397 	68,688 	2,156 	61,551 	1,998 	64,021 	2,825 	57,652 	2,045 	56,721 	1,695 	53,887 	2,625 	48,945 	1,979 	50,046 	1,801 	47,171 	1,975 	46,022 	1,789 	50,884 	1,662 	51,247 	2,170 	51,514 	1,844 	51,559 	2,043 	50,190 	2,183 	46,100 	1,975 	48,841 	1,827 
Mississippi	37,985	1,570	35,657	1,326	36,907	840	39,201	1,000	37,560 	1,712 	36,716 	1,443 	40,117 	1,307 	38,799 	1,319 	37,428 	928 	37,144 	1,461 	43,426 	1,714 	42,499 	1,842 	38,900 	1,547 	38,601 	1,877 	36,914 	1,821 	37,700 	1,460 	36,952 	1,094 	32,972 	1,826 	31,320 	1,635 	30,404 	1,644 	32,631 	1,297 	33,815 	1,608 	32,172 	1,573 	33,990 	1,654 	31,342 	1,213 	31,717 	1,196 	30,841 	1,463 
Missouri	46,184	1,529	49,574	1,621	46,620	1,160	48,377	1,161	48,207 	1,516 	48,009 	1,105 	48,638 	1,239 	51,879 	1,037 	51,843 	1,302 	50,911 	1,483 	57,098 	1,503 	54,151 	1,558 	53,702 	2,495 	49,510 	2,790 	47,414 	2,094 	49,472 	1,950 	43,920 	2,098 	42,617 	2,178 	41,659 	2,209 	43,598 	2,209 	44,201 	2,254 	44,986 	1,267 	41,518 	1,927 	43,550 	2,143 	41,615 	1,465 	42,395 	1,175 	41,524 	1,429 
Montana	41,467	855	41,105	1,019	43,443	1,786	45,906	1,787	44,451 	754 	41,673 	1,297 	39,195 	818 	40,435 	1,265 	42,219 	1,469 	39,564 	908 	41,499 	1,267 	40,614 	1,264 	42,182 	1,514 	39,567 	1,551 	39,692 	2,167 	39,431 	1,570 	40,197 	1,813 	39,330 	1,434 	40,387 	1,108 	38,760 	1,389 	37,801 	1,590 	40,224 	2,226 	39,371 	1,468 	37,590 	1,467 	38,583 	1,422 	39,104 	1,546 	39,048 	1,439 
Nebraska	52,728	1,424	50,414	1,684	51,370	1,270	51,709	1,450	52,064 	1,611 	53,523 	1,616 	50,542 	1,538 	52,131 	1,548 	51,867 	1,258 	53,709 	1,374 	52,860 	1,289 	50,544 	1,787 	48,642 	2,069 	46,990 	2,070 	47,067 	2,076 	46,778 	1,641 	46,254 	1,624 	46,073 	1,238 	45,751 	1,631 	46,132 	1,572 	44,443 	1,824 	44,684 	2,582 	44,557 	1,700 	42,720 	1,397 	41,324 	1,545 	42,125 	1,766 	42,767 	1,529 
Nevada	51,525	1,366	52,283	1,115	55,437	2,692	56,845	1,361	56,537 	1,354 	53,842 	1,876 	54,487 	1,595 	53,565 	1,842 	54,487 	1,407 	55,916 	1,392 	57,935 	1,280 	54,253 	2,308 	53,108 	1,636 	52,627 	2,135 	53,330 	2,235 	51,260 	1,867 	52,185 	2,232 	53,214 	1,602 	48,583 	1,212 	51,421 	2,442 	51,787 	1,907 	49,813 	1,609 	49,558 	1,693 	49,348 	2,071 	49,761 	1,699 	44,975 	1,942 	51,520 	2,035 
New Hampshire	66,707	1,562	65,190	1,887	67,013	3,245	71,060	1,941	67,014 	1,599 	63,642 	2,263 	65,581 	1,528 	65,874 	1,546 	67,047 	1,562 	63,216 	885 	64,478 	1,574 	60,265 	2,554 	60,057 	2,493 	55,531 	2,173 	54,529 	2,399 	55,646 	2,210 	51,274 	2,672 	56,409 	2,407 	60,045 	2,926 	56,253 	2,090 	65,989 	2,123 	63,721 	2,328 	61,321 	1,999 	59,373 	2,662 	57,981 	1,573 	51,021 	2,075 	51,796 	1,469 
New Jersey	63,540	1,634	65,846	1,951	66,132	2,326	63,628	1,533	73,598 	2,140 	70,772 	2,521 	63,803 	1,481 	66,441 	1,213 	66,134 	1,945 	63,758 	1,149 	63,818 	1,255 	65,079 	1,839 	66,559 	1,918 	65,044 	1,929 	65,684 	1,684 	62,398 	1,989 	61,509 	1,548 	60,177 	1,465 	59,381 	1,280 	62,524 	1,613 	62,640 	1,397 	66,417 	1,609 	64,265 	1,165 	62,867 	1,458 	60,196 	1,598 	59,866 	1,243 	55,517 	1,599 
New Mexico	45,098	1,969	44,261	1,519	42,635	1,398	46,643	1,550	43,286 	1,359 	43,498 	1,899 	45,666 	1,828 	41,617 	1,354 	42,972 	1,286 	40,793 	1,525 	44,432 	1,580 	42,624 	2,285 	42,136 	1,867 	40,751 	1,567 	34,713 	1,510 	36,922 	1,563 	39,141 	2,011 	39,758 	1,267 	39,374 	2,051 	41,434 	1,866 	40,492 	1,695 	38,373 	1,747 	34,174 	1,475 	38,112 	1,140 	37,667 	1,315 	39,466 	1,981 	41,234 	2,057 
New York	49,826	808	51,045	609	51,099	691	51,468	965	52,147 	1,069 	52,688 	924 	51,538 	914 	50,725 	1,034 	50,861 	703 	51,865 	739 	51,587 	736 	52,327 	1,150 	49,952 	1,038 	48,488 	859 	48,999 	1,032 	46,919 	1,017 	46,406 	694 	47,097 	826 	47,278 	805 	49,636 	840 	51,088 	826 	53,473 	769 	51,209 	1,183 	48,441 	837 	47,499 	900 	45,680 	1,011 	44,027 	833 
North Carolina	43,753	1,075	42,598	586	43,473	857	45,757	1,127	43,036 	881 	46,970 	1,077 	46,446 	937 	44,194 	1,116 	44,255 	868 	46,998 	1,171 	48,514 	1,020 	48,748 	1,256 	47,874 	1,365 	48,545 	1,242 	49,263 	1,395 	45,429 	1,261 	43,810 	975 	42,822 	970 	42,284 	938 	41,923 	796 	42,579 	899 	44,831 	878 	43,239 	949 	41,788 	995 	41,493 	1,325 	41,452 	1,130 	41,112 	1,281 
North Dakota	51,380	1,192	50,902	1,767	50,259	1,203	49,639	1,346	44,388 	1,519 	47,122 	1,364 	45,271 	1,444 	47,906 	1,010 	43,873 	999 	44,080 	990 	45,575 	1,348 	42,741 	1,810 	40,481 	1,575 	42,884 	1,843 	43,547 	1,638 	41,323 	1,729 	41,139 	1,622 	41,779 	1,241 	41,047 	1,372 	40,422 	1,455 	40,856 	1,622 	42,833 	1,533 	42,667 	1,787 	41,450 	1,662 	40,823 	1,490 	40,977 	1,563 	41,516 	2,075 
Ohio	46,093	802	46,636	636	47,528	859	51,631	1,141	49,636 	685 	49,368 	1,168 	49,698 	1,128 	51,592 	1,103 	51,731 	942 	51,460 	814 	54,395 	927 	51,673 	1,294 	51,997 	2,105 	48,943 	1,211 	47,144 	1,471 	49,637 	1,404 	46,342 	850 	46,485 	978 	47,815 	894 	46,508 	1,185 	48,536 	1,164 	49,271 	1,112 	49,128 	1,126 	47,319 	1,019 	47,669 	1,116 	48,646 	1,090 	46,217 	983 
Oklahoma	43,400	1,416	46,635	1,158	46,694	943	45,444	1,528	41,999 	1,727 	42,044 	1,618 	45,726 	1,295 	42,561 	926 	44,186 	743 	43,854 	850 	41,063 	898 	42,767 	1,951 	45,054 	1,646 	42,464 	1,388 	37,966 	1,507 	37,377 	1,250 	39,266 	1,765 	39,018 	2,217 	38,497 	1,637 	39,751 	1,685 	39,433 	1,688 	40,181 	2,098 	41,915 	1,339 	39,825 	1,623 	39,760 	1,653 	40,977 	1,476 	42,270 	1,435 
Oregon	50,526	1,216	49,909	1,671	52,381	1,391	52,826	1,427	50,924 	1,510 	49,319 	1,554 	47,319 	1,213 	49,361 	1,144 	50,662 	1,036 	50,829 	926 	53,809 	1,185 	53,152 	1,638 	52,187 	2,574 	50,450 	2,422 	49,112 	1,763 	51,672 	1,378 	45,762 	1,641 	49,238 	1,724 	48,612 	3,105 	47,132 	1,697 	47,352 	1,562 	48,436 	2,436 	49,142 	2,037 	45,970 	2,005 	47,020 	1,902 	42,308 	2,014 	42,771 	1,489 
Pennsylvania	48,460	958	48,967	952	52,052	596	50,934	980	52,423 	940 	51,710 	832 	50,911 	1,199 	50,897 	922 	51,506 	964 	53,571 	890 	53,400 	891 	49,408 	1,493 	52,118 	1,443 	50,816 	1,306 	48,292 	1,348 	49,044 	970 	46,649 	951 	46,054 	1,031 	45,498 	1,016 	47,409 	959 	46,906 	1,113 	48,709 	1,161 	47,361 	880 	46,679 	993 	45,187 	940 	44,208 	1,040 	40,667 	997 
Rhode Island	51,914	1,399	52,486	1,470	53,915	2,429	57,005	1,944	58,110 	1,971 	55,266 	1,626 	55,331 	2,276 	53,004 	1,481 	51,408 	1,060 	56,310 	1,413 	53,426 	1,289 	55,900 	2,591 	54,350 	3,549 	47,132 	3,027 	51,179 	1,434 	50,230 	1,950 	46,449 	1,922 	49,789 	2,299 	46,335 	2,182 	48,141 	1,703 	51,698 	1,900 	51,144 	2,299 	52,851 	2,805 	51,944 	2,644 	50,374 	2,012 	47,586 	1,739 	43,197 	1,695 
South Carolina	41,709	1,016	41,779	1,131	42,688	1,135	46,493	1,633	42,841 	1,457 	44,931 	1,345 	44,661 	1,179 	45,616 	1,329 	45,827 	1,483 	46,473 	1,260 	47,568 	1,186 	47,712 	2,261 	44,439 	1,750 	46,407 	2,179 	47,968 	1,944 	41,298 	1,989 	43,420 	1,657 	38,711 	1,426 	41,990 	2,183 	42,875 	1,775 	46,469 	2,237 	40,404 	1,798 	45,219 	2,037 	45,990 	2,086 	41,696 	1,640 	38,718 	1,666 	40,593 	1,867 
South Dakota	45,669	1,266	46,582	1,310	52,253	1,008	48,811	946	49,124 	1,775 	48,193 	1,529 	47,449 	1,149 	46,853 	1,190 	45,901 	1,155 	48,856 	1,054 	46,181 	870 	46,882 	1,235 	43,797 	1,353 	40,220 	1,551 	40,857 	1,388 	42,018 	2,287 	43,255 	1,724 	41,213 	1,545 	39,982 	1,019 	38,466 	1,218 	39,736 	1,388 	40,930 	1,696 	39,483 	1,245 	38,833 	1,096 	37,767 	1,260 	35,058 	1,357 	38,794 	1,855 
Tennessee	38,686	900	41,186	1,004	40,204	1,226	43,319	1,174	44,005 	816 	44,010 	1,330 	43,946 	1,220 	44,483 	1,400 	44,879 	1,346 	44,068 	974 	43,169 	1,177 	47,791 	1,714 	45,540 	1,746 	41,496 	1,839 	42,606 	1,504 	41,218 	1,801 	41,664 	1,496 	37,298 	1,235 	37,026 	1,390 	38,176 	1,428 	36,535 	1,405 	38,388 	2,216 	36,936 	1,801 	38,885 	1,460 	34,651 	1,678 	34,354 	1,076 	33,543 	1,151 
Texas	47,464	766	48,259	755	47,078	683	48,427	736	46,832 	895 	46,262 	469 	47,784 	634 	46,555 	903 	48,659 	682 	50,321 	631 	48,883 	994 	50,625 	1,335 	47,800 	884 	47,509 	1,192 	45,763 	1,056 	45,514 	901 	44,742 	953 	42,684 	911 	42,561 	965 	43,296 	977 	45,650 	1,158 	43,949 	949 	44,210 	1,031 	45,388 	1,170 	45,861 	976 	45,881 	1,055 	46,019 	1,065 
Utah	56,787	1,044	59,457	1,614	63,328	1,545	56,289	1,281	59,074 	1,807 	61,218 	1,455 	58,720 	1,070 	58,415 	1,069 	58,006 	1,389 	58,303 	1,972 	60,204 	1,318 	60,258 	2,113 	59,176 	1,837 	57,938 	2,418 	51,251 	1,840 	51,823 	1,306 	51,959 	1,514 	53,173 	1,845 	52,150 	1,743 	43,738 	2,122 	48,745 	1,646 	52,150 	1,722 	46,601 	1,610 	48,707 	2,192 	49,882 	1,537 	48,770 	1,357 	46,085 	1,469 
Vermont	55,942	1,572	53,182	1,462	51,347	994	49,833	1,470	56,212 	1,369 	56,629 	1,462 	54,631 	1,466 	51,285 	1,158 	52,113 	1,006 	50,239 	1,163 	50,130 	1,166 	54,414 	1,841 	52,595 	2,125 	47,479 	2,339 	44,775 	1,730 	48,050 	1,764 	52,085 	2,773 	46,158 	1,420 	49,872 	2,030 	45,516 	1,908 	50,291 	2,152 	53,132 	1,929 	51,338 	1,907 	46,662 	2,523 	46,690 	1,904 	50,243 	1,820 	45,128 	1,965 
Virginia	60,363	1,252	61,500	1,213	62,769	1,465	62,211	1,435	61,768 	1,722 	57,980 	1,323 	59,032 	1,288 	64,945 	1,853 	60,151 	1,563 	61,874 	1,414 	59,714 	1,348 	59,791 	2,316 	57,914 	2,932 	58,185 	2,569 	54,258 	2,019 	51,456 	1,976 	54,769 	2,227 	54,134 	2,061 	58,160 	2,069 	56,417 	2,086 	56,719 	1,695 	57,925 	2,046 	57,820 	2,336 	55,073 	1,860 	56,400 	2,038 	54,936 	2,559 	53,017 	1,747 
Washington	56,253	1,209	61,389	1,219	57,347	2,047	61,075	1,826	59,177 	1,345 	56,564 	1,167 	57,624 	1,233 	56,320 	1,654 	54,760 	1,168 	52,328 	1,557 	53,841 	1,533 	59,503 	2,722 	63,347 	1,842 	60,359 	2,323 	50,750 	2,225 	50,527 	1,779 	48,784 	1,731 	52,978 	1,651 	51,616 	1,899 	53,034 	1,850 	51,931 	2,004 	54,263 	2,499 	57,252 	1,824 	50,158 	2,034 	51,021 	1,803 	46,378 	1,461 	50,003 	1,645 
West Virginia	42,839	999	41,158	928	38,475	1,422	44,261	1,040	41,546 	1,313 	40,703 	1,202 	38,522 	1,354 	38,840 	1,177 	35,582 	847 	36,543 	830 	37,238 	817 	38,336 	1,504 	35,672 	1,042 	37,232 	1,781 	34,936 	1,800 	35,344 	1,236 	34,281 	1,770 	33,314 	1,458 	30,864 	1,358 	36,137 	1,433 	35,799 	1,847 	36,803 	1,431 	34,275 	1,647 	31,592 	1,428 	31,249 	1,718 	30,886 	1,600 	33,665 	1,215 
Wisconsin	50,522	863	52,083	819	51,848	863	53,921	1,094	55,899 	1,239 	49,867 	1,316 	52,788 	1,543 	54,851 	1,159 	55,633 	1,147 	55,845 	1,383 	57,087 	1,205 	59,757 	2,457 	55,206 	1,698 	53,631 	1,558 	55,351 	2,463 	58,180 	1,872 	51,482 	1,850 	47,199 	1,991 	50,714 	1,670 	48,605 	1,589 	49,665 	1,451 	49,444 	2,105 	52,378 	1,732 	48,414 	2,589 	50,165 	1,524 	44,921 	2,244 	41,460 	1,641 
Wyoming	52,359	1,330	53,336	2,166	54,012	1,597	51,257	1,433	50,870 	1,625 	49,943 	1,684 	52,401 	1,323 	50,448 	1,185 	48,191 	1,183 	48,915 	1,436 	50,175 	1,337 	48,741 	1,681 	47,088 	1,758 	45,271 	1,952 	42,831 	1,187 	44,790 	1,614 	48,212 	2,688 	43,746 	1,734 	45,996 	2,162 	45,353 	2,158 	47,642 	1,603 	50,120 	2,188 	46,789 	1,939 	50,655 	2,677 	44,716 	1,638 	42,670 	2,027 	47,602 	1,461 
"For footnotes, see www.census.gov/hhes/www/income/histinc/ftnotes.html 



"																																																						
For suggested citations, see www.census.gov/main/www/citation.html																																																						
Source:  U.S. Census Bureau, Current Population Survey, Annual Social and Economic Supplements.  For information on confidentiality protection, sampling error, nonsampling error, and definitions, see www.census.gov/apsd/techdoc/cps/cpsmar11.pdf[PDF].																																																						
